0  12 4 6 8 12
1  14 2 2 10 2
2  22 12 8 0 10
3 23 14 6 16 16
4 36 6 14 2 16
5 37 12 12 0 8
6 40 16 12 14 2
7 43 12 16 10 16
8 57 12 10 16 14
9 71 16 8 16 0
10 72 16 16 14 16
11 85 16 16 4 14
12 86 6 6 4 6
13 95 6 10 14 10
14 102 2 8 6 12
15 106 6 14 14 16
16 116 10 16 12 0
17 121 16 16 8 4
16 130 4 0 10 6
19 144 8 8 16 10
20 155 6 12 4 16
21 168 0 16 4 14
22 170 8 4 6 10
23 173 12 14 10 16
24 183 0 8 4 16
25 193 6 16 0 2
26 203 8 0 6 2
27 203 14 6 0 16
28 213 8 6 16 14
29 222 12 10 8 14
30 225 10 16 2 6
31 236 10 16 0 16
32 245 12 16 16 8
33 249 8 14 10 0
34 258 12 14 2 10
35 262 12 2 0 2
36 276 16 4 6 12
37 289 2 2 2 6
38 293 6 14 14 0
39 293 12 0 14 4
40 303 6 12 6 0
41 317 16 8 6 2
42 328 12 2 16 16
43 331 14 2 4 4
44 332 16 16 6 16
45 340 2 16 8 12
46 345 6 12 6 6
47 347 2 12 16 14
48 356 10 16 14 14
49 366 0 12 8 16
50 371 14 14 14 0
51 381 16 16 2 10
52 395 0 6 8 12
53 401 2 2 14 16
54 407 16 0 0 0
55 421 12 0 12 10
56 431 0 0 4 16
57 445 16 14 8 8
58 451 16 16 4 10
59 456 16 16 16 4
60 465 8 16 16 4
61 476 6 12 2 12
62 483 10 12 10 12
63 489 2 14 0 14
64 502 16 6 8 6
65 510 14 16 10 12
66 520 4 16 4 10
67 532 12 14 16 2
68 536 2 4 12 0
69 537 6 8 10 0
70 537 2 16 8 8
71 548 14 4 16 0
72 554 16 14 6 12
73 567 8 8 2 2
74 579 16 10 10 16
75 580 12 10 8 16
76 593 12 6 10 0
77 605 2 4 0 2
78 609 16 2 8 16
79 609 6 16 12 8
80 620 6 8 2 16
81 628 4 16 0 8
82 631 10 0 8 8
83 631 16 16 2 4
84 639 14 16 4 2
85 642 16 14 14 6
86 646 6 8 6 6
87 654 16 10 14 0
88 655 4 8 2 16
89 663 8 16 16 0
90 670 8 2 6 6
91 681 10 10 14 14
92 693 10 0 12 0
93 696 10 10 14 12
94 703 16 10 16 0
95 704 14 8 6 2
96 716 14 12 6 2
97 730 14 0 12 12
98 740 14 2 16 12
99 748 12 16 4 4
100 752 10 0 0 6
101 761 12 14 8 0
102 762 8 4 16 10
103 771 10 2 2 12
104 780 2 0 4 16
105 793 4 16 8 0
106 796 10 0 16 12
107 796 2 6 0 12
108 808 16 0 12 12
109 816 16 16 6 16
110 825 10 6 16 0
111 838 6 16 12 6
112 843 4 10 2 10
113 849 12 6 0 16
114 851 16 8 16 4
115 857 8 16 10 10
116 864 6 8 4 2
117 872 16 14 14 10
116 875 16 8 14 10
119 887 6 4 16 6
120 894 2 4 14 6
121 905 16 16 4 4
122 909 0 0 14 8
123 914 8 0 12 12
124 926 6 14 10 12
125 936 12 12 14 10
126 950 2 10 16 6
127 955 8 2 10 6
128 957 8 6 10 2
129 958 10 6 4 8
130 972 16 10 4 2
131 986 0 14 16 14
132 987 4 10 6 14
133 996 8 0 2 14
134 1000 12 10 0 16
135 1001 10 14 0 0
136 1004 14 14 0 0
137 1016 16 2 12 10
138 1029 0 0 2 10
139 1038 6 14 10 6
140 1041 6 12 8 0
141 1041 6 0 16 0
142 1054 10 16 0 6
143 1059 6 16 0 8
144 1066 8 0 2 6
145 1069 10 16 8 6
146 1078 14 4 12 6
147 1079 4 16 16 16
148 1092 16 2 12 4
149 1101 2 16 14 6
150 1107 4 4 2 8
151 1110 12 10 6 16
152 1115 4 8 4 12
153 1120 10 2 4 12
154 1123 8 16 14 4
155 1130 4 10 12 12
156 1138 6 8 12 0
157 1139 0 16 8 16
158 1140 4 4 16 0
159 1145 16 12 0 12
160 1157 16 8 10 8
161 1162 16 4 2 6
162 1168 14 16 10 16
163 1179 0 2 12 10
164 1191 2 14 2 2
165 1198 2 8 8 8
166 1207 14 14 10 4
167 1217 8 0 2 6
168 1224 4 16 10 4
169 1230 14 0 0 8
170 1232 0 12 4 8
171 1243 12 2 8 0
172 1245 10 2 6 8
173 1254 8 0 10 8
174 1264 8 4 14 6
175 1269 14 0 12 12
176 1283 0 14 16 16
177 1296 12 0 16 0
178 1301 0 14 8 8
179 1313 8 10 0 16
160 1327 12 16 14 16
161 1331 16 2 14 8
162 1341 6 12 16 0
163 1354 8 0 14 10
164 1364 12 2 12 6
165 1378 4 10 16 16
166 1388 8 16 4 2
167 1397 6 16 16 4
168 1411 10 14 14 14
169 1416 2 16 10 8
190 1416 16 14 16 16
191 1423 4 16 4 2
192 1426 4 10 6 8
193 1432 8 16 8 10
194 1434 0 16 10 6
195 1434 14 0 12 10
196 1445 10 0 6 16
197 1450 14 10 4 10
198 1462 12 8 2 0
199 1472 12 8 6 14
200 1480 6 0 0 14
201 1489 6 8 4 0
202 1496 14 6 14 6
203 1500 12 2 14 6
204 1511 4 6 4 2
205 1517 8 2 6 6
206 1519 0 8 10 16
207 1520 2 8 10 6
208 1521 4 12 10 4
209 1525 4 10 14 10
210 1533 4 0 16 0
211 1542 16 2 14 16
212 1551 14 10 0 6
213 1563 16 14 12 4
214 1565 16 4 2 12
215 1568 4 6 8 2
216 1577 2 14 4 0
217 1581 4 4 12 14
216 1588 0 2 0 4
219 1594 0 14 14 10
220 1597 16 8 6 12
221 1607 10 16 14 8
222 1617 6 2 2 14
223 1628 14 16 10 6
224 1632 6 10 2 14
225 1637 4 10 16 6
226 1646 10 4 16 4
227 1658 0 16 12 14
228 1668 16 14 2 12
229 1671 16 16 14 6
230 1677 2 0 14 12
231 1690 10 10 10 6
232 1701 10 4 16 4
233 1702 8 8 16 8
234 1702 10 2 2 4
235 1713 4 2 2 6
236 1720 16 14 16 4
237 1723 10 14 0 2
238 1729 14 0 8 14
239 1743 16 14 8 12
240 1756 4 16 10 0
241 1756 10 2 0 10
242 1756 12 16 16 12
243 1764 4 4 16 6
244 1778 16 6 6 14
245 1779 2 4 16 16
246 1788 16 16 0 12
247 1795 16 14 6 14
248 1608 0 16 14 6
249 1608 12 16 12 8
250 1620 6 6 8 6
251 1629 10 16 16 4
252 1630 6 16 12 10
253 1632 16 12 6 6
254 1643 16 0 8 16
255 1648 16 6 14 2
256 1651 10 10 16 4
257 1655 8 14 16 14
258 1667 0 12 16 4
259 1676 8 10 8 0
260 1676 8 8 4 16
261 1687 16 16 10 8
262 1692 2 4 14 8
263 1695 16 8 16 12
264 1907 4 8 6 8
265 1919 6 16 16 4
266 1920 16 10 2 14
267 1927 12 14 8 10
268 1930 12 4 2 8
269 1944 0 16 4 12
270 1946 2 16 12 10
271 1950 6 4 16 4
272 1960 6 12 2 2
273 1973 14 6 16 8
274 1986 0 0 0 16
275 1992 2 8 16 0
276 2001 4 16 2 16
277 2006 6 16 10 16
278 2007 12 8 12 0
279 2020 16 12 16 2
280 2030 6 10 10 12
281 2044 14 4 2 4
282 2044 8 16 2 16
283 2054 12 10 12 14
284 2063 6 8 16 2
285 2070 8 16 16 2
286 2072 16 14 4 4
287 2072 10 14 0 4
288 2080 2 12 14 0
289 2083 14 2 14 14
290 2092 16 14 8 14
291 2096 6 6 16 0
292 2107 6 14 16 8
293 2121 6 12 6 8
294 2123 0 10 6 12
295 2137 10 14 16 4
296 2150 16 16 8 6
297 2152 16 12 14 8
298 2156 14 16 12 10
299 2159 16 0 10 16
300 2169 12 6 16 14
301 2177 12 10 14 16
302 2190 16 10 2 4
303 2194 14 10 2 8
304 2197 12 8 2 8
305 2197 16 2 2 16
306 2209 6 8 14 0
307 2217 16 6 16 0
308 2231 0 2 4 4
309 2231 12 12 8 6
310 2234 16 16 10 16
311 2241 14 2 16 4
312 2247 16 4 6 16
313 2251 0 6 4 14
314 2260 10 16 16 16
315 2268 12 14 16 2
316 2273 6 0 10 4
317 2277 2 16 2 10
316 2289 10 6 6 2
319 2291 8 16 4 12
320 2294 2 0 16 8
321 2308 4 12 16 2
322 2320 6 2 12 2
323 2333 16 0 4 2
324 2338 0 6 8 16
325 2338 6 16 2 14
326 2342 16 8 4 12
327 2346 2 16 12 16
328 2357 8 8 2 14
329 2370 16 16 0 0
330 2376 4 12 0 4
331 2384 10 4 16 2
332 2389 6 14 6 10
333 2395 14 10 12 0
334 2405 16 16 8 4
335 2415 14 2 2 6
336 2416 16 16 14 16
337 2428 12 4 4 14
338 2439 14 16 0 10
339 2440 6 14 12 0
340 2450 14 2 8 10
341 2456 2 4 14 12
342 2461 4 2 4 14
343 2471 8 0 2 12
344 2485 16 0 14 10
345 2489 6 16 0 14
346 2501 6 14 4 0
347 2501 6 8 16 16
348 2502 16 16 16 2
349 2515 2 2 0 2
350 2523 8 12 12 14
351 2535 14 0 12 8
352 2540 10 6 14 10
353 2553 16 8 8 10
354 2557 0 2 16 6
355 2559 4 16 0 12
356 2559 12 16 2 12
357 2567 16 8 14 2
358 2574 16 4 14 10
359 2583 16 16 2 12
360 2585 16 16 16 14
361 2592 0 4 6 0
362 2606 0 4 16 8
363 2606 16 4 2 6
364 2615 14 16 10 8
365 2622 8 16 10 4
366 2629 8 16 6 6
367 2642 14 10 8 16
368 2643 16 0 16 12
369 2657 16 14 8 16
370 2662 2 16 12 0
371 2662 6 4 4 12
372 2675 0 2 6 12
373 2683 10 10 2 0
374 2685 14 2 10 14
375 2685 16 4 6 10
376 2690 8 4 2 10
377 2701 0 16 16 12
378 2704 4 16 14 8
379 2709 10 0 10 16
380 2723 10 14 0 6
381 2726 10 14 16 2
382 2731 0 16 12 8
383 2735 4 10 2 16
384 2749 16 14 8 2
385 2762 16 6 8 0
386 2773 2 4 0 10
387 2773 16 16 12 16
388 2787 6 6 12 16
389 2797 4 16 4 16
390 2807 8 16 16 10
391 2815 16 14 12 10
392 2825 16 14 14 4
393 2837 10 16 4 10
394 2845 8 0 16 4
395 2859 10 6 6 14
396 2866 6 8 8 16
397 2878 10 6 0 16
398 2890 0 8 2 8
399 2895 6 16 4 4
400 2901 8 2 12 0
401 2906 4 14 16 14
402 2906 16 6 6 6
403 2916 16 6 6 16
404 2925 12 2 6 14
405 2935 0 16 16 6
406 2941 12 16 2 14
407 2942 8 10 0 10
408 2944 0 16 14 6
409 2958 16 16 0 4
410 2969 12 0 0 16
411 2971 6 14 8 8
412 2977 12 14 16 0
413 2980 0 12 12 2
414 2993 10 4 4 0
415 3006 14 14 6 8
416 3019 2 0 16 4
417 3033 0 16 6 0
416 3046 16 6 8 12
419 3057 4 8 16 0
420 3070 12 4 6 2
421 3077 16 16 14 16
422 3086 16 16 8 12
423 3089 16 6 16 14
424 3099 8 0 16 2
425 3104 0 6 14 12
426 3113 12 10 12 2
427 3116 0 2 2 8
428 3117 4 10 14 16
429 3120 16 12 0 16
430 3134 4 6 16 16
431 3137 16 14 14 10
432 3137 10 16 0 16
433 3138 0 14 6 16
434 3149 14 8 0 14
435 3161 16 2 16 10
436 3175 4 12 2 16
437 3166 16 12 4 12
438 3196 14 0 2 2
439 3205 0 16 6 12
440 3213 4 6 6 16
441 3216 12 16 6 12
442 3216 6 12 14 16
443 3228 6 10 10 16
444 3237 12 12 14 2
445 3237 16 10 12 6
446 3243 4 16 2 10
447 3251 12 12 16 16
448 3264 14 14 16 10
449 3271 16 2 2 16
450 3277 4 4 6 14
451 3282 16 14 10 2
452 3285 14 16 16 0
453 3296 12 8 12 4
454 3297 8 2 10 4
455 3297 16 8 12 14
456 3309 4 16 0 14
457 3316 6 16 16 16
458 3324 0 8 12 16
459 3338 6 12 2 8
460 3348 12 14 4 12
461 3353 2 14 16 4
462 3365 4 12 10 8
463 3371 16 12 10 4
464 3376 8 0 6 12
465 3378 8 4 10 16
466 3384 2 14 4 0
467 3387 16 0 6 16
468 3388 0 2 14 10
469 3392 16 16 12 2
470 3393 4 2 16 16
471 3407 2 16 12 2
472 3410 14 16 12 14
473 3415 6 8 16 4
474 3420 2 4 2 2
475 3424 4 8 0 0
476 3429 8 12 16 12
477 3436 4 16 8 2
478 3446 6 4 16 12
479 3453 0 14 12 16
480 3467 2 16 10 14
481 3481 6 6 16 0
482 3494 6 16 8 10
483 3506 12 8 4 14
484 3520 8 14 8 14
485 3530 0 16 6 16
486 3531 2 0 14 16
487 3545 2 10 12 16
488 3546 4 2 14 16
489 3556 16 16 6 6
490 3563 10 2 8 12
491 3567 6 6 10 0
492 3567 14 0 12 4
493 3575 16 10 6 0
494 3577 0 16 8 12
495 3582 10 8 4 14
496 3591 4 16 14 8
497 3604 0 2 0 2
498 3616 14 10 0 12
499 3617 6 6 4 6