1 1 8 6 14 0
2 1 14 2 16 12
3 7 4 6 6 14
4 8 6 2 8 6
5 10 10 8 16 16
6 11 16 4 8 16
7 18 0 0 12 14
8 22 8 4 4 4
9 23 14 10 14 0
10 25 8 10 8 16
11 26 12 12 12 0
12 27 0 12 12 0
13 32 12 8 10 6
14 34 8 4 2 0
15 38 8 4 16 10
16 40 16 8 16 10
17 41 14 0 10 4
18 42 8 2 14 6
19 45 6 0 14 6
20 45 10 8 4 6
21 50 16 2 0 2
22 53 0 10 6 16
23 55 12 8 10 0
24 55 16 12 6 12
25 55 2 12 12 0
26 56 2 0 4 16
27 58 14 2 0 10
28 59 4 10 14 16
29 59 0 4 16 2
30 59 12 2 16 10
31 63 2 8 2 12
32 63 14 14 4 8
33 64 10 4 12 12
34 64 12 4 10 0
35 69 6 6 8 16
36 69 0 2 8 6
37 70 0 6 16 4
38 73 0 2 12 14
39 75 12 16 14 10
40 75 14 10 2 4
41 76 4 14 12 2
42 80 10 0 16 10
43 81 8 2 6 16
44 81 12 12 14 10
45 81 10 14 6 0
46 86 6 14 6 4
47 87 4 0 2 4
48 89 14 14 2 2
49 92 12 0 4 10
50 92 4 4 12 14
51 92 4 10 14 12
52 96 6 2 4 10
53 98 12 12 14 16
54 104 2 10 6 10
55 105 4 16 8 16
56 106 4 12 12 2
57 108 0 12 12 2
58 110 12 12 16 12
59 112 6 8 6 16
60 112 0 12 2 2
61 112 8 10 6 16
62 114 0 8 6 4
63 118 10 16 12 12
64 119 6 2 2 2
65 119 8 8 8 2
66 119 12 16 12 0
67 122 8 6 2 8
68 124 2 16 10 12
69 125 12 6 10 4
70 127 2 10 2 16
71 135 8 16 16 6
72 136 16 0 14 8
73 138 0 12 6 14
74 139 14 2 4 4
75 143 12 2 6 6
76 144 16 6 12 14
77 144 16 6 0 4
78 146 14 14 4 2
79 147 14 2 2 2
80 148 14 16 12 14
81 154 10 6 10 4
82 154 8 4 4 4
83 157 0 16 0 8
84 157 8 14 14 10
85 158 14 0 10 10
86 161 10 0 10 2
87 162 14 10 8 14
88 162 8 8 14 14
89 163 6 16 16 0
90 166 4 12 14 16
91 172 6 10 6 16
92 174 6 16 14 10
93 174 16 4 16 6
94 176 16 0 16 0
95 179 8 0 8 2
96 180 16 16 14 12
97 181 6 16 12 16
98 184 14 0 2 14
99 184 2 4 10 2
100 187 8 0 4 4
101 187 2 4 10 16
102 188 16 0 4 6
103 190 12 0 12 4
104 191 0 2 10 4
105 193 6 6 0 2
106 194 4 12 14 10
107 194 8 0 4 8
108 196 4 16 16 16
109 197 0 12 16 4
110 202 2 12 8 14
111 204 16 0 4 8
112 206 2 6 6 10
113 209 10 4 10 8
114 210 4 0 10 12
115 210 12 8 2 16
116 211 10 4 16 12
117 211 16 6 2 12
118 212 10 0 6 0
119 215 8 16 4 8
120 216 14 14 4 10
121 217 12 10 12 0
122 217 16 6 4 12
123 220 6 6 14 0
124 220 6 2 14 10
125 221 14 4 16 6
126 221 2 0 0 10
127 222 14 4 16 0
128 222 6 8 4 4
129 223 8 0 10 14
130 223 14 4 0 6
131 224 8 2 12 8
132 229 10 12 4 14
133 234 14 4 10 0
134 238 8 12 2 10
135 240 10 2 14 12
136 243 6 12 2 10
137 246 14 2 6 16
138 246 4 4 10 12
139 246 12 4 2 14
140 252 8 14 6 4
141 252 4 14 0 12
142 257 14 4 6 6
143 258 14 8 14 0
144 261 10 8 6 0
145 262 10 10 12 16
146 264 0 12 8 4
147 267 2 16 6 14
148 271 12 4 16 14
149 273 2 6 10 0
150 274 16 14 8 6
151 280 14 4 4 2
152 281 10 6 4 2
153 281 14 0 12 14
154 288 8 6 8 14
155 288 0 2 12 12
156 291 16 10 16 8
157 293 12 2 8 2
158 297 8 0 2 14
159 302 6 8 10 0
160 303 12 0 16 12
161 304 4 14 6 12
162 306 16 10 2 4
163 307 8 6 12 0
164 310 12 2 2 10
165 310 10 6 2 4
166 319 4 2 2 4
167 320 12 0 2 2
168 321 12 6 0 4
169 321 12 2 8 16
170 324 8 12 2 16
171 324 16 2 12 6
172 324 6 8 0 14
173 326 14 16 16 14
174 326 16 2 8 4
175 327 16 16 8 4
176 332 12 16 0 12
177 337 16 16 14 4
178 343 14 0 2 10
179 344 4 4 6 6
180 346 4 6 14 8
181 348 4 8 8 2
182 350 6 12 14 16
183 352 0 6 14 0
184 357 8 14 4 2
185 358 16 4 8 14
186 363 14 10 4 2
187 366 0 12 4 2
188 368 4 14 4 8
189 368 4 14 14 10
190 368 2 2 4 16
191 368 10 8 12 12
192 378 2 6 12 14
193 378 12 0 16 10
194 382 10 8 10 16
195 383 4 12 10 8
196 388 16 6 16 6
197 388 6 6 8 8
198 389 4 4 12 14
199 391 0 14 14 2
200 395 8 16 4 16
201 402 10 14 0 12
202 402 4 10 6 14
203 402 0 4 16 10
204 405 4 16 6 8
205 408 14 0 12 16
206 408 14 6 12 16
207 413 2 4 16 14
208 416 0 16 10 0
209 418 12 12 16 16
210 418 16 14 2 4
211 418 2 2 12 16
212 420 14 2 4 0
213 420 2 0 2 6
214 422 2 2 16 4
215 424 14 16 0 0
216 424 2 6 6 14
217 426 4 14 0 0
218 426 0 4 16 8
219 426 12 10 8 14
220 427 0 10 16 12
221 428 0 4 2 8
222 437 2 6 16 12
223 440 14 6 16 2
224 444 4 10 16 4
225 444 0 10 2 6
226 448 8 0 0 14
227 450 16 10 16 14
228 455 16 14 4 8
229 460 14 0 2 0
230 462 10 10 6 10
231 463 16 4 4 10
232 465 0 8 2 0
233 465 10 6 10 10
234 465 16 2 6 16
235 466 10 10 6 6
236 468 0 4 8 12
237 468 12 12 0 14
238 470 2 4 6 16
239 470 12 6 6 12
240 471 12 8 16 10
241 474 16 8 10 6
242 480 14 0 4 12
243 480 14 0 2 12
244 481 12 16 12 14
245 482 6 0 6 6
246 482 2 8 0 10
247 485 0 12 14 8
248 486 0 8 6 4
249 487 2 0 2 0
250 490 6 16 2 2
251 490 0 2 2 12
252 491 12 12 6 0
253 491 6 14 10 16
254 491 10 16 2 16
255 497 14 8 12 4
256 500 10 12 6 8
257 502 8 12 12 6
258 504 12 2 12 14
259 507 0 12 16 6
260 508 12 0 6 8
261 510 8 0 4 8
262 514 16 12 0 0
263 517 10 16 10 8
264 520 8 16 2 2
265 520 12 8 14 2
266 520 2 16 8 8
267 522 16 12 16 10
268 527 4 14 8 10
269 532 2 2 14 8
270 532 12 2 16 10
271 534 10 4 16 2
272 535 0 10 16 6
273 540 12 16 4 2
274 540 12 16 4 8
275 542 4 6 14 10
276 542 8 0 6 6
277 546 10 12 14 12
278 547 12 10 0 8
279 550 12 4 2 2
280 556 0 10 10 4
281 556 10 12 12 16
282 557 6 6 2 10
283 557 6 10 4 0
284 559 10 16 16 8
285 563 14 12 12 14
286 564 14 4 2 6
287 570 16 2 12 6
288 571 4 2 8 0
289 575 12 16 0 2
290 581 8 16 0 14
291 585 12 14 14 14
292 586 12 4 8 0
293 593 6 0 16 14
294 595 4 8 2 16
295 597 6 8 8 4
296 598 16 6 4 8
297 599 16 4 4 4
298 602 6 12 12 2
299 603 16 10 6 16
300 603 4 8 4 8
301 603 4 14 0 2
302 607 0 16 8 16
303 608 6 4 8 12
304 619 2 2 12 12
305 625 0 2 14 6
306 625 8 10 12 0
307 629 16 4 14 14
308 631 14 8 0 4
309 632 10 6 16 14
310 633 16 16 16 2
311 633 2 8 12 12
312 636 16 2 12 2
313 636 14 4 0 8
314 636 16 8 16 12
315 640 0 4 0 0
316 640 6 6 6 6
317 641 14 16 12 8
318 641 10 16 14 0
319 646 16 0 14 12
320 652 2 4 2 0
321 653 0 16 6 10
322 654 16 16 10 12
323 654 8 0 0 10
324 654 12 4 14 10
325 658 10 6 12 0
326 658 2 2 0 10
327 662 6 12 2 14
328 662 12 10 2 10
329 665 0 8 0 12
330 667 2 16 0 16
331 667 6 16 0 16
332 669 16 2 4 2
333 670 6 10 4 10
334 670 2 16 12 8
335 672 8 4 4 0
336 673 2 8 12 14
337 677 0 16 8 16
338 677 8 12 6 8
339 678 12 10 2 16
340 678 2 0 12 12
341 679 12 12 0 14
342 679 12 4 6 8
343 680 8 14 8 4
344 686 2 2 2 4
345 688 6 10 0 10
346 688 2 2 2 12
347 690 14 16 8 0
348 692 10 4 14 10
349 694 0 6 12 0
350 699 6 6 10 8
351 701 16 10 2 8
352 701 4 14 10 2
353 701 4 0 8 12
354 703 10 12 0 12
355 707 14 2 2 2
356 708 14 14 14 6
357 709 16 4 14 16
358 710 12 6 2 6
359 714 0 10 16 0
360 716 2 10 10 14
361 718 6 4 12 8
362 718 6 8 14 4
363 724 14 12 8 10
364 725 2 14 12 4
365 726 8 14 4 4
366 726 0 4 4 10
367 728 2 14 4 14
368 728 12 16 2 0
369 728 16 6 6 6
370 729 12 8 6 4
371 730 12 4 10 10
372 738 2 14 14 14
373 740 10 10 6 4
374 741 8 10 4 4
375 751 4 4 4 2
376 753 8 12 6 6
377 756 14 6 16 8
378 756 6 14 6 0
379 757 4 14 0 2
380 760 4 8 16 0
381 761 12 14 16 12
382 766 4 2 6 8
383 767 2 14 0 8
384 768 0 0 8 8
385 768 8 6 6 16
386 768 12 8 2 4
387 770 6 0 10 10
388 771 10 6 8 16
389 773 6 4 4 6
390 775 12 10 14 8
391 776 16 2 6 0
392 777 2 14 2 8
393 780 8 12 10 10
394 781 10 6 2 8
395 783 14 10 16 14
396 784 12 6 6 0
397 785 4 14 14 6
398 787 8 16 8 6
399 791 14 4 12 6
400 791 6 6 4 6
401 794 14 14 12 14
402 795 0 10 4 8
403 799 4 0 12 8
404 802 0 6 0 10
405 804 0 4 4 4
406 807 10 14 8 6
407 809 8 12 6 16
408 810 6 2 0 16
409 811 2 8 6 0
410 811 8 12 0 16
411 811 2 6 2 16
412 819 14 0 14 14
413 820 4 14 12 0
414 827 10 0 8 12
415 827 8 16 12 10
416 831 10 12 16 4
417 831 10 2 14 12
418 831 10 0 10 6
419 833 4 2 12 10
420 835 14 8 12 10
421 836 6 4 16 2
422 836 4 2 16 14
423 838 14 0 10 0
424 841 4 4 16 8
425 841 8 2 12 6
426 842 14 4 16 16
427 843 12 0 14 10
428 845 0 16 10 6
429 845 12 2 16 12
430 846 4 4 0 8
431 847 2 16 6 10
432 851 6 2 12 14
433 851 8 14 6 8
434 852 2 0 10 16
435 853 14 4 12 12
436 853 4 0 0 14
437 859 14 12 8 14
438 863 12 10 14 0
439 864 10 6 0 4
440 865 14 8 16 4
441 869 2 8 16 4
442 869 4 14 2 0
443 869 16 10 12 6
444 871 6 0 14 8
445 872 8 4 14 6
446 873 4 14 2 10
447 875 6 12 2 8
448 875 2 14 8 10
449 876 0 8 10 2
450 881 4 2 2 8
451 892 8 10 10 12
452 892 2 0 10 8
453 893 10 6 6 8
454 895 2 2 8 10
455 895 14 6 16 4
456 895 4 16 4 2
457 896 10 8 12 6
458 897 14 6 8 8
459 900 0 4 4 10
460 903 14 2 0 6
461 905 10 0 16 10
462 906 0 4 12 0
463 906 2 2 10 4
464 912 8 4 2 8
465 912 16 12 10 0
466 912 0 10 2 14
467 914 0 12 10 10
468 915 4 14 10 0
469 916 8 4 6 14
470 916 4 0 6 8
471 918 16 12 10 8
472 919 12 14 0 16
473 922 2 10 8 10
474 923 12 2 12 8
475 925 0 2 14 4
476 927 14 10 2 0
477 930 0 16 0 10
478 931 16 2 14 0
479 931 10 6 4 2
480 931 4 14 16 10
481 938 12 14 16 4
482 942 8 2 16 8
483 942 8 14 12 0
484 943 6 8 2 10
485 944 14 14 10 8
486 949 6 10 0 16
487 956 6 14 6 2
488 956 8 12 0 14
489 963 2 14 12 8
490 963 16 16 4 0
491 964 2 6 14 6
492 970 0 8 8 16
493 972 10 12 8 6
494 973 0 14 8 4
495 980 0 12 12 16
496 981 10 12 4 8
497 983 8 10 8 16
498 990 14 16 8 6
499 990 12 2 12 2
500 994 2 14 2 2
